0 0.070575 0.07179775280898877 0.073475 0.12277153558052435
0 0.155975 0.04891385767790262 0.058175 0.07700374531835205
0 0.1539 0.17580524344569287 0.062625 0.1352434456928839
0 0.07405 0.1955805243445693 0.0693 0.10404494382022472
0 0.08654999999999999 0.28921348314606743 0.066775 0.11651685393258426
0 0.03585 0.36307116104868914 0.062375 0.11861423220973784
0 0.1039 0.3849438202247191 0.059574999999999996 0.09573033707865168
0 0.101125 0.47441947565543074 0.07095 0.1289887640449438
0 0.17265 0.5805243445692884 0.058175 0.13318352059925095
0 0.12612500000000001 0.7782022471910113 0.0904 0.1456554307116105
0 0.152525 0.9009737827715356 0.070975 0.13734082397003747
0 0.256675 0.8499625468164794 0.06545 0.14355805243445693
0 0.3754 0.8041947565543072 0.08074999999999999 0.14355805243445693
0 0.44275 0.5617977528089888 0.07615 0.14149812734082398
0 0.5503750000000001 0.5097752808988765 0.0697 0.20808988764044944
0 0.33165 0.4868913857677903 0.0738 0.13734082397003747
0 0.24 0.2944194756554307 0.04565 0.11445692883895131
0 0.34415 0.33812734082397006 0.06785000000000001 0.13108614232209737
0 0.712825 0.7834082397003744 0.074675 0.1352434456928839
0 0.9503 0.742808988764045 0.0885 0.15812734082397004
0 0.9169750000000001 0.66374531835206 0.0635 0.11651685393258426
0 0.8031 0.5482771535580524 0.067 0.13940074906367042
0 0.898925 0.49104868913857685 0.05795 0.12067415730337078
0 0.960025 0.3433333333333333 0.071825 0.12483146067415729
0 0.7691 0.3693258426966292 0.057275 0.1352434456928839
0 0.6038250000000001 0.41093632958801496 0.054450000000000005 0.10610486891385768
0 0.6302 0.23928838951310863 0.06775 0.10404494382022472
0 0.659375 0.18621722846441946 0.06835 0.08531835205992509
0 0.5705 0.21224719101123596 0.05165 0.11235955056179775
0 0.5226 0.1404494382022472 0.044175000000000006 0.0894756554307116
0 0.593425 0.10820224719101124 0.038599999999999995 0.09988764044943821
0 0.841975 0.10925093632958802 0.052425 0.09363295880149813
0 0.7927 0.04681647940074907 0.042699999999999995 0.0894756554307116
0 0.82395 0.03535580524344569 0.058675 0.07074906367041199
2 0.9246 0.06865168539325842 0.059325 0.11235955056179775
0 0.303875 0.22056179775280899 0.0373 0.08737827715355805
0 0.279575 0.16644194756554306 0.047025 0.09573033707865168
0 0.31427499999999997 0.08116104868913858 0.049800000000000004 0.09988764044943821
0 0.42262500000000003 0.03434456928838951 0.058550000000000005 0.06865168539325842
0 0.4976 0.09468164794007491 0.03585 0.0894756554307116
0 0.505225 0.0249812734082397 0.03725 0.0499250936329588