0 0.023775 0.5136000000000001 0.04755 0.11853333333333334
0 0.0753 0.4905333333333334 0.03145 0.09546666666666667
0 0.1341 0.4996 0.058274999999999993 0.1004
0 0.277125 0.6954666666666666 0.057300000000000004 0.12675555555555557
0 0.3461 0.8946666666666667 0.05635 0.13333333333333333
0 0.138275 0.36626666666666663 0.044500000000000005 0.0740888888888889
0 0.09057499999999999 0.15555555555555556 0.050875000000000004 0.10368888888888889
0 0.18225000000000002 0.3786222222222222 0.038025 0.10204444444444445
0 0.4322 0.8016444444444445 0.0455 0.11195555555555556
0 0.397025 0.7958666666666666 0.032275 0.11026666666666667
0 0.3947 0.6905333333333333 0.04245 0.09382222222222222
0 0.3077 0.6197333333333334 0.042699999999999995 0.10368888888888889
0 0.0818 0.7876444444444445 0.064775 0.13333333333333333
0 0.3822 0.4913777777777778 0.050774999999999994 0.11026666666666667
0 0.49792499999999995 0.6460888888888889 0.05075 0.09711111111111112
0 0.47340000000000004 0.5794222222222223 0.047975000000000004 0.09875555555555555
0 0.4521 0.4485777777777778 0.040575 0.09382222222222222
0 0.522925 0.4823111111111111 0.041475 0.10533333333333333
0 0.48497500000000004 0.9144 0.045525 0.1004
0 0.6317 0.8666666666666667 0.05165 0.13333333333333333
0 0.6794 0.9473333333333334 0.06225 0.10368888888888889
0 0.7344750000000001 0.6123555555555555 0.057625 0.12840000000000001
0 0.628475 0.5539111111111111 0.065925 0.11688888888888889
0 0.2725 0.4024888888888889 0.042675 0.09382222222222222
0 0.36 0.36213333333333336 0.037825000000000004 0.08231111111111111
0 0.4447 0.35555555555555557 0.046150000000000004 0.09546666666666667
0 0.5099750000000001 0.372 0.03965 0.09546666666666667
0 0.5618 0.3802666666666667 0.039625 0.10204444444444445
0 0.5859000000000001 0.34240000000000004 0.0363 0.07902222222222223
0 0.587725 0.27324444444444446 0.035925 0.07573333333333333
0 0.63125 0.3884888888888889 0.03775 0.10204444444444445
0 0.9473999999999999 0.9218222222222222 0.046 0.11195555555555556
0 0.9834999999999999 0.8921777777777778 0.033 0.12840000000000001
0 0.9802500000000001 0.6724444444444445 0.039474999999999996 0.12346666666666667
0 0.9830249999999999 0.572 0.033925000000000004 0.1004
0 0.9344499999999999 0.4963111111111111 0.047850000000000004 0.10697777777777778
0 0.9585250000000001 0.4460888888888889 0.04105 0.08560000000000001
0 0.9219499999999999 0.3752888888888889 0.037675 0.08231111111111111
0 0.9673 0.3086222222222222 0.0358 0.09053333333333334
0 0.91825 0.3045333333333333 0.035825 0.07902222222222223
0 0.89185 0.25924444444444444 0.03305 0.07737777777777778
0 0.8548250000000001 0.2913777777777778 0.040999999999999995 0.09546666666666667
0 0.810375 0.2 0.033075 0.07737777777777778
0 0.75345 0.4864 0.0493 0.11026666666666667
0 0.7265999999999999 0.43951111111111113 0.035875 0.08231111111111111
0 0.767325 0.41400000000000003 0.030299999999999997 0.08066666666666666
0 0.6993 0.38764444444444446 0.03495 0.08066666666666666
0 0.665025 0.28146666666666664 0.036825000000000004 0.09217777777777778
0 0.653925 0.14404444444444442 0.033125 0.08395555555555556
0 0.7455750000000001 0.16462222222222223 0.040975000000000004 0.09546666666666667
0 0.901125 0.19013333333333335 0.041025 0.08395555555555556
0 0.9098999999999999 0.10288888888888888 0.037675 0.08395555555555556
0 0.8645499999999999 0.11195555555555556 0.028425 0.07244444444444445
0 0.5312749999999999 0.20164444444444443 0.041825 0.08724444444444444
0 0.565525 0.04031111111111111 0.030375 0.0740888888888889
0 0.52015 0.0748888888888889 0.032225000000000004 0.0740888888888889
0 0.415075 0.15471111111111113 0.03875 0.08560000000000001
0 0.453025 0.03457777777777778 0.033174999999999996 0.06915555555555555
0 0.254925 0.2 0.031375 0.08724444444444444
0 0.338225 0.16133333333333333 0.03505 0.07902222222222223
0 0.27435 0.08560000000000001 0.025825 0.08231111111111111
0 0.31 0.05595555555555556 0.0286 0.07244444444444445
0 0.33545 0.026355555555555556 0.029750000000000002 0.05266666666666667
0 0.7664 0.029644444444444445 0.026600000000000002 0.05595555555555556
0 0.479875 0.30617777777777777 0.044275 0.08231111111111111
0 0.383125 0.2716 0.041525 0.09217777777777778
2 0.17670000000000002 0.7168888888888889 0.047275 0.10697777777777778
1 0.11789999999999999 0.660088888888889 0.04995 0.14813333333333334
2 0.28085 0.28146666666666664 0.042675 0.09546666666666667
2 0.31925000000000003 0.24937777777777778 0.0397 0.09053333333333334
2 0.364625 0.20986666666666667 0.032525 0.07737777777777778
2 0.877975 0.028 0.03175 0.05595555555555556
2 0.7766 0.0864 0.0308 0.06417777777777778
2 0.7094750000000001 0.06915555555555555 0.029849999999999998 0.05924444444444445
2 0.6784749999999999 0.11524444444444444 0.036324999999999996 0.07573333333333333
2 0.423875 0.04608888888888889 0.028849999999999997 0.08888888888888889
2 0.30955 0.4831111111111111 0.04825 0.11688888888888889