0 0.20782499999999998 0.8158426966292135 0.1351 0.342434456928839
0 0.49012500000000003 0.30041198501872657 0.10265 0.22805243445692885
0 0.6849500000000001 0.39292134831460673 0.1011 0.24123595505617976
0 0.28575 0.00018726591760299626 0.002725 0.0003745318352059925
0 0.30927499999999997 0.044906367041198506 0.043899999999999995 0.08273408239700375
0 0.149 0.06471910112359551 0.05865 0.12239700374531835
0 0.8239 0.45902621722846443 0.08195000000000001 0.19277153558052434
0 0.928275 0.28389513108614234 0.08485 0.13775280898876405
2 0.36515000000000003 0.6176029962546816 0.1321 0.22794007490636703
2 0.0593 0.43696629213483146 0.105725 0.22359550561797753
2 0.22105 0.43917602996254684 0.088025 0.1795505617977528
2 0.23355 0.10655430711610486 0.068925 0.14441947565543073
2 0.09092499999999999 0.0955430711610487 0.068975 0.14441947565543073
2 0.354125 0.12970037453183522 0.068875 0.08052434456928839
2 0.634225 0.10876404494382022 0.076125 0.11797752808988764
2 0.8658 0.12198501872659176 0.07165 0.11797752808988764
2 0.97455 0.07902621722846442 0.0509 0.11576779026217228
2 0.44012500000000004 0.13741573033707866 0.052675 0.11355805243445694