0 0.07792500000000001 0.2647345132743363 0.0649 0.14805309734513275
0 0.16915 0.30898230088495576 0.057374999999999995 0.1436283185840708
0 0.293525 0.22380530973451326 0.036074999999999996 0.08393805309734513
0 0.446 0.4903982300884956 0.08895 0.1484070796460177
0 0.33915 0.2901769911504425 0.082675 0.14172566371681417
0 0.4035 0.26256637168141594 0.05395 0.13508849557522123
0 0.7097 0.3476991150442478 0.07155 0.16827433628318583
0 0.43475 0.2415486725663717 0.03395 0.0974778761061947
0 0.471625 0.26694690265486726 0.047725 0.09526548672566372
0 0.5703499999999999 0.2526106194690266 0.05775 0.14615044247787612
0 0.518475 0.24924778761061947 0.0435 0.13035398230088496
0 0.61535 0.30013274336283186 0.050275 0.11738938053097346
0 0.649725 0.3145132743362832 0.041525 0.1638495575221239
0 0.755325 0.2326991150442478 0.060325 0.14172566371681417
0 0.94155 0.25703539823008853 0.057874999999999996 0.1373008849557522
0 0.880925 0.22053097345132744 0.049100000000000005 0.1395132743362832
2 0.807175 0.25482300884955755 0.044074999999999996 0.08420353982300885