0 0.085975 0.28714285714285714 0.0604 0.05783673469387755
0 0.16885000000000003 0.3279591836734694 0.0446 0.05783673469387755
0 0.3583 0.314 0.049775 0.06428571428571428
0 0.4096 0.28714285714285714 0.036625 0.0406530612244898
0 0.48195 0.2806938775510204 0.0208 0.0406530612244898
0 0.5609000000000001 0.28497959183673466 0.036575 0.053551020408163265
0 0.45892499999999997 0.484734693877551 0.04845 0.06208163265306123
0 0.7167749999999999 0.36983673469387757 0.058875000000000004 0.059959183673469384
0 0.7707250000000001 0.27318367346938777 0.029925 0.038530612244897955
0 0.881225 0.24955102040816327 0.043025 0.055714285714285716
0 0.9378 0.2699591836734694 0.0509 0.04926530612244898
0 0.5991885938142475 0.29688506326152986 0.6265251591522911 0.2988782455349016 0.6199484386938433 0.33753482157082904
0 0.5228728043405633 0.26895810300374257 0.5160362554503692 0.29458307041979853 0.5331357286423334 0.29887824553490167 0.5383971050090914 0.26236925705652575 0.5265590081838855 0.26451684461407726
0 0.29260964644582643 0.23029000418526785 0.30952723305511 0.21941750590549516 0.3161039535135577 0.2387457939234588 0.2990044803215936 0.26666443217162866 0.28979707167976676 0.23874579392345885
0 0.652325 0.34620408163265304 0.048375 0.06428571428571428