0 0.44142499999999996 0.5581428571428572 0.117625 0.2718095238095238
0 0.868725 0.6329523809523809 0.127 0.2944761904761905
2 0.600325 0.6386190476190476 0.09734999999999999 0.23323809523809522
2 0.196825 0.5887619047619048 0.07367499999999999 0.2241904761904762
2 0.3319 0.5263809523809524 0.09147500000000001 0.2264761904761905
2 0.19145 0.37109523809523814 0.07725 0.21066666666666667
2 0.25275 0.24528571428571427 0.076025 0.19028571428571428
2 0.12362500000000001 0.28609523809523807 0.058225 0.18123809523809525
2 0.484275 0.250952380952381 0.060475 0.16538095238095238
2 0.547375 0.2997142857142857 0.06332499999999999 0.17247619047619048
2 0.6265 0.46519047619047615 0.07115 0.19023809523809526
2 0.96395 0.3506666666666667 0.06269999999999999 0.17895238095238095
2 0.7026749999999999 0.16023809523809524 0.071125 0.16085714285714287
2 0.881225 0.1988095238095238 0.054400000000000004 0.14723809523809525