0 0.28407499999999997 0.06390000000000001 0.09195 0.11866666666666667
0 0.2458 0.21803333333333333 0.124775 0.1936
0 0.0463 0.32739999999999997 0.092625 0.14983333333333335
0 0.266875 0.4721666666666667 0.12945 0.19770000000000001
0 0.08800000000000001 0.7637999999999999 0.0967 0.21843333333333334
0 0.057725 0.8606666666666666 0.11545 0.2538
0 0.373125 0.9023333333333333 0.12002499999999999 0.18713333333333335
0 0.595725 0.7909 0.1309 0.17676666666666668
0 0.52075 0.7012999999999999 0.093425 0.17679999999999998
0 0.66915 0.46176666666666666 0.137125 0.18103333333333335
0 0.501225 0.4044666666666667 0.110625 0.14563333333333334
0 0.6832250000000001 0.2503333333333333 0.093375 0.154
0 0.7793000000000001 0.22949999999999998 0.0824 0.1706666666666667
0 0.8613249999999999 0.1795 0.0933 0.13736666666666666
0 0.8613249999999999 0.06806666666666668 0.0902 0.1353
0 0.933175 0.29513333333333336 0.10265 0.19356666666666666
0 0.96045 0.5940333333333334 0.0791 0.1789
0 0.51215 0.11493333333333332 0.1356 0.19153333333333333