0 0.1152 0.2625468164794007 0.05865 0.11
0 0.8503499999999999 0.14797752808988762 0.070175 0.1452808988764045
0 0.6526000000000001 0.18655430711610488 0.0482 0.090187265917603
0 0.943 0.29666666666666663 0.0525 0.129812734082397
1 0.475425 0.1799250936329588 0.07617499999999999 0.15629213483146065
0 0.7070000000000001 0.2691385767790262 0.045225 0.11
2 0.026225000000000002 0.19535580524344567 0.039575 0.13423220973782773
2 0.2034 0.27906367041198504 0.058625 0.129812734082397
2 0.36955 0.24382022471910111 0.058575 0.09898876404494382
2 0.2306 0.21187265917602996 0.04832499999999999 0.10561797752808988
2 0.6026 0.20524344569288389 0.042325 0.09239700374531835
2 0.726125 0.15239700374531834 0.056975 0.1100374531835206