2 0.62345 0.18641592920353983 0.07345 0.18969026548672566
2 0.7615500000000001 0.2395132743362832 0.06465 0.13654867256637168
2 0.8909 0.6874336283185841 0.12085000000000001 0.31119469026548674
2 0.184775 0.6388053097345133 0.10859999999999999 0.25809734513274335
2 0.26289999999999997 0.7681858407079647 0.084825 0.22486725663716814
2 0.686875 0.11911504424778761 0.064775 0.13380530973451327
0 0.379425 0.48924778761061943 0.1032 0.20150442477876107
0 0.5619 0.47305309734513273 0.07980000000000001 0.1897345132743363
0 0.6498 0.5239380530973451 0.08560000000000001 0.19123893805309733
0 0.36607500000000004 0.8277433628318583 0.116525 0.294424778761062
0 0.6198 0.8506194690265487 0.11895 0.27823008849557523
2 0.4744 0.7576991150442478 0.0815 0.21039823008849556
2 0.13405 0.4229646017699115 0.089125 0.17805309734513275
2 0.14195 0.27769911504424777 0.078275 0.12646017699115045