0 0.170625 0.11760000000000001 0.111775 0.23520000000000002
0 0.1998 0.3812888888888889 0.1177 0.25373333333333337
0 0.102775 0.6965777777777777 0.1475 0.26635555555555557
0 0.2962 0.7589777777777779 0.10577500000000001 0.22613333333333335
0 0.5122249999999999 0.5992444444444445 0.116425 0.23675555555555558
0 0.05755 0.11466666666666667 0.10467499999999999 0.19879999999999998
0 0.26765 0.0552 0.0677 0.1104
0 0.8484999999999999 0.27124444444444445 0.093675 0.24533333333333335
0 0.83955 0.5674666666666667 0.121075 0.28755555555555556
0 0.7241 0.7240888888888888 0.123475 0.26213333333333333
0 0.9627249999999999 0.36115555555555556 0.07455 0.28128888888888887
0 0.9526 0.668 0.094775 0.3150222222222222
0 0.5390250000000001 0.8631555555555556 0.150925 0.27364444444444447
0 0.8193250000000001 0.8642222222222222 0.10439999999999999 0.27155555555555555
0 0.6015 0.5526666666666666 0.07352500000000001 0.1479111111111111
0 0.78125 0.0404 0.07585 0.08075555555555557
0 0.963325 0.12817777777777778 0.07335 0.25635555555555556