0 0.12475 0.25591760299625466 0.043175 0.0749063670411985
0 0.15875 0.2580149812734082 0.022375 0.07074906367041199
0 0.18862500000000001 0.24865168539325844 0.03735 0.07700374531835205
0 0.22820000000000001 0.2725842696629214 0.041825 0.0749063670411985
0 0.278875 0.2403370786516854 0.03175 0.09779026217228465
0 0.486475 0.24134831460674155 0.0553 0.12483146067415729
0 0.6135499999999999 0.2902621722846442 0.07055 0.12692883895131085
0 0.721875 0.3089887640449438 0.07605 0.1602247191011236
0 0.844075 0.2756928838951311 0.10102499999999999 0.1602247191011236
0 0.9717749999999999 0.2746441947565543 0.05644999999999999 0.1997378277153558
2 0.358725 0.25280898876404495 0.05575 0.12277153558052435