0 0.179925 0.5208294930875575 0.07715 0.20714285714285716
0 0.12935 0.5553917050691244 0.06922500000000001 0.15894009216589863
0 0.2339 0.47894009216589867 0.07145 0.16944700460829495
0 0.316825 0.6569585253456222 0.11914999999999999 0.19870967741935483
0 0.50315 0.6024884792626729 0.08955 0.22806451612903228
0 0.7605 0.628663594470046 0.19965 0.43539170506912445
0 0.64405 0.48207373271889403 0.06905 0.17571428571428574
0 0.5338499999999999 0.4768663594470046 0.06 0.12336405529953917
0 0.041875 0.4663594470046083 0.053325 0.08986175115207373
0 0.33445 0.5061751152073732 0.049825 0.10658986175115207
0 0.44465000000000005 0.4423041474654378 0.049800000000000004 0.11709677419354839
0 0.945125 0.39829493087557605 0.0962 0.15059907834101383
0 0.872975 0.4328571428571429 0.061 0.11502304147465438
0 0.2998 0.4244700460829493 0.04415 0.08147465437788018
0 0.11515 0.41926267281105994 0.03855 0.0919815668202765
0 0.049825 0.41714285714285715 0.026075 0.04589861751152074
0 0.3549 0.4066820276497696 0.03165 0.08359447004608295