0 0.7040500000000001 0.5504676258992806 0.05405 0.09287769784172661
0 0.7180249999999999 0.4605395683453237 0.034925000000000005 0.048453237410071945
0 0.89005 0.376978417266187 0.037825000000000004 0.05061151079136691
0 0.82095 0.30928057553956834 0.040775 0.05910071942446043
0 0.46735 0.5790287769784173 0.042374999999999996 0.08226618705035972
0 0.332075 0.7757553956834532 0.06005 0.06528776978417265
0 0.2615 0.6023021582733813 0.0395 0.07802158273381296
0 0.261475 0.9439568345323741 0.074775 0.10967625899280575
0 0.41735 0.9407913669064749 0.08355 0.08215827338129496
0 0.546725 0.8773021582733812 0.0688 0.08640287769784173
0 0.6496500000000001 0.8180935251798561 0.054075 0.08219424460431655
0 0.75625 0.9090647482014389 0.067275 0.10755395683453237
0 0.9055 0.7969064748201439 0.051050000000000005 0.08219424460431655
0 0.948125 0.5969784172661871 0.045149999999999996 0.09708633093525179
0 0.943 0.7747122302158274 0.043675 0.09280575539568346
0 0.9040250000000001 0.9519784172661869 0.074575 0.09607913669064748
0 0.9503499999999999 0.526115107913669 0.06425 0.09075539568345324
0 0.768025 0.2436690647482014 0.0408 0.07179856115107915
0 0.824625 0.17280575539568346 0.033424999999999996 0.07816546762589928
0 0.8724250000000001 0.17068345323741008 0.034874999999999996 0.06122302158273381
0 0.8503499999999999 0.2891726618705036 0.037825000000000004 0.06118705035971224
0 0.5401250000000001 0.10827338129496403 0.03205 0.04643884892086331
0 0.400425 0.2066546762589928 0.02915 0.06122302158273381
0 0.45630000000000004 0.3187769784172662 0.02915 0.04848920863309353
0 0.5386500000000001 0.37485611510791367 0.037925 0.06751798561151079
0 0.43792499999999995 0.43410071942446044 0.042374999999999996 0.07172661870503598
0 0.36662500000000003 0.45949640287769783 0.049749999999999996 0.08442446043165468
0 0.344575 0.3685251798561151 0.04095 0.06330935251798561
0 0.37765 0.2955035971223022 0.06005 0.06967625899280576
0 0.130625 0.37169064748201436 0.04542500000000001 0.05273381294964029
0 0.26075 0.3949640287769784 0.03215 0.06118705035971224
0 0.07327499999999999 0.46266187050359714 0.030750000000000003 0.05690647482014389
0 0.132825 0.4785251798561151 0.040999999999999995 0.046330935251798565
0 0.017875000000000002 0.47111510791366906 0.035725 0.07384892086330935
0 0.413675 0.709136690647482 0.035025 0.12244604316546762
0 0.371775 0.6149640287769784 0.036525 0.06956834532374101
0 0.37545 0.6943165467625899 0.049749999999999996 0.07165467625899281
0 0.730525 0.40025179856115106 0.048150000000000005 0.06327338129496403
0 0.326925 0.21302158273381294 0.04095 0.04007194244604317
0 0.431325 0.10723021582733812 0.0321 0.05701438848920863
0 0.25782499999999997 0.14532374100719425 0.043899999999999995 0.05276978417266187
0 0.3475 0.05435251798561151 0.03505 0.057050359712230214
0 0.39235 0.06172661870503597 0.036525 0.06338129496402878
0 0.5974499999999999 0.5112949640287769 0.055549999999999995 0.08230215827338129
0 0.60335 0.7747122302158274 0.052625000000000005 0.07586330935251799
0 0.46659999999999996 0.7789568345323742 0.046775000000000004 0.08431654676258993
0 0.49967500000000004 0.4520863309352518 0.04825 0.06960431654676259
0 0.487175 0.3685251798561151 0.035 0.05906474820143885
0 0.5114500000000001 0.23629496402877698 0.042350000000000006 0.05276978417266187
0 0.2909 0.124136690647482 0.0483 0.048561151079136694
0 0.29309999999999997 0.5525539568345325 0.043899999999999995 0.07169064748201438
0 0.931975 0.31773381294964026 0.039275000000000004 0.05906474820143885
0 0.663625 0.38118705035971223 0.061425 0.06751798561151079
0 0.56365 0.29870503597122305 0.034975 0.05061151079136691
0 0.5974499999999999 0.38859712230215826 0.052625000000000005 0.09924460431654676
0 0.6379 0.29762589928057553 0.054075 0.065431654676259