0 0.293825 0.06481632653061224 0.07875 0.12877551020408162
0 0.259625 0.23559183673469386 0.10244999999999999 0.165265306122449
0 0.6575749999999999 0.26563265306122447 0.095725 0.16093877551020408
0 0.64575 0.47506122448979593 0.0931 0.14583673469387753
0 0.49182499999999996 0.416 0.08 0.15661224489795916
0 0.2925 0.4782857142857143 0.11295 0.1780408163265306
0 0.368825 0.9068163265306122 0.09977499999999999 0.17151020408163267
0 0.12279999999999999 0.7746938775510205 0.08932499999999999 0.16081632653061223
0 0.053075000000000004 0.8531020408163265 0.10515000000000001 0.21877551020408165
0 0.17345 0.6952244897959184 0.07485 0.14791836734693878
0 0.034 0.29036734693877553 0.067 0.12873469387755102
0 0.083325 0.3322448979591837 0.08407500000000001 0.13514285714285715
0 0.5700999999999999 0.8058367346938776 0.09445 0.16722448979591836
0 0.5109 0.7016734693877551 0.094475 0.19946938775510203
0 0.92925 0.5985714285714286 0.099575 0.1866122448979592
0 0.897025 0.3236326530612245 0.08775000000000001 0.1910204081632653
0 0.8266249999999999 0.08628571428571429 0.08645 0.14595918367346938
0 0.7444 0.23020408163265305 0.079925 0.18889795918367347
0 0.48457500000000003 0.13355102040816327 0.0892 0.14595918367346938
0 0.8331999999999999 0.19048979591836734 0.08645 0.15236734693877552
0 0.4826 0.256 0.11157500000000001 0.14591836734693878