0 0.03725 0.22967625899280575 0.05765 0.1347482014388489
0 0.093475 0.27352517985611513 0.038900000000000004 0.06503597122302157
0 0.241125 0.22633093525179857 0.0404 0.08751798561151078
0 0.309075 0.2251798561151079 0.063825 0.12575539568345323
0 0.39735 0.26902877697841726 0.043475 0.09201438848920862
0 0.472325 0.2679136690647482 0.040325 0.08525179856115107
0 0.567625 0.312841726618705 0.055925 0.10323741007194244
0 0.62075 0.20946043165467626 0.0434 0.11226618705035972
0 0.758225 0.23866906474820143 0.04335 0.09428057553956835
0 0.7207250000000001 0.23643884892086334 0.02775 0.07179856115107915
0 0.8300749999999999 0.3252158273381295 0.04645 0.09197841726618705