0 0.074225 0.3047787610619469 0.090375 0.1704867256637168
0 0.257525 0.18367256637168142 0.10460000000000001 0.22738938053097346
0 0.285475 0.4701769911504425 0.129575 0.23575221238938054
0 0.120625 0.8230530973451327 0.099875 0.24619469026548674
0 0.05875 0.8995132743362831 0.1142 0.20101769911504425
0 0.5158 0.7461504424778761 0.097375 0.24831858407079646
0 0.58245 0.874646017699115 0.130675 0.244070796460177
0 0.6515000000000001 0.445929203539823 0.13065 0.25473451327433627
0 0.502725 0.4006637168141593 0.095 0.223141592920354
0 0.6616249999999999 0.1920796460176991 0.09849999999999999 0.23163716814159294
0 0.7491 0.20154867256637166 0.092525 0.2758407079646018
0 0.830625 0.10973451327433628 0.1175 0.21942477876106195
0 0.899075 0.29637168141592923 0.1258 0.2547787610619469
0 0.9336 0.6545132743362831 0.104375 0.22517699115044248
0 0.4932 0.060442477876106196 0.07832499999999999 0.11579646017699116