0 0.03145 0.21258426966292135 0.06292500000000001 0.1496629213483146
0 0.129625 0.2614606741573034 0.077625 0.1101123595505618
0 0.30667500000000003 0.1740823970037453 0.070625 0.14760299625468162
0 0.259475 0.2458801498127341 0.059524999999999995 0.09142322097378278
0 0.439975 0.2832958801498127 0.0678 0.14131086142322097
0 0.54135 0.27707865168539325 0.07055 0.15382022471910112
0 0.61705 0.30722846441947566 0.058025 0.1808614232209738
0 0.6850749999999999 0.32595505617977527 0.07465 0.17250936329588015
0 0.837125 0.3977153558052434 0.139875 0.22865168539325842
0 0.36152500000000004 0.27812734082397006 0.044225 0.12677902621722847
0 0.39555 0.2656179775280899 0.023375 0.16423220973782773