0 0.140475 0.5141198501872659 0.08650000000000001 0.1702247191011236
0 0.441675 0.5617977528089888 0.0707 0.149812734082397
0 0.47917499999999996 0.37621722846441946 0.0816 0.1395880149812734
0 0.42575 0.2894007490636704 0.06615 0.1294007490636704
0 0.7849250000000001 0.5822097378277153 0.07535 0.1294007490636704
2 0.174575 0.2008988764044944 0.068325 0.11576779026217228
2 0.11320000000000001 0.06981273408239701 0.059225 0.1395880149812734
2 0.49052500000000004 0.14131086142322097 0.08612500000000001 0.1259925093632959
2 0.815575 0.2655805243445693 0.076925 0.13617977528089886
0 0.829225 0.13790262172284645 0.076925 0.13277153558052435
0 0.7405750000000001 0.06299625468164795 0.054875 0.10554307116104869