2 0.9534 0.19262222222222225 0.044125 0.09124444444444445
2 0.930925 0.35702222222222224 0.029125 0.08684444444444445
2 0.95655 0.48035555555555554 0.072875 0.15573333333333333
2 0.7653 0.20257777777777777 0.039674999999999995 0.09319999999999999
2 0.5172249999999999 0.2148 0.0535 0.09097777777777777
2 0.141675 0.17262222222222223 0.0626 0.10897777777777777
2 0.09355000000000001 0.2336888888888889 0.03365 0.08875555555555555
1 0.27602499999999996 0.22924444444444445 0.046075 0.08875555555555555
0 0.384125 0.19146666666666665 0.09727499999999999 0.23093333333333332
0 0.705325 0.24702222222222223 0.049675000000000004 0.0976
0 0.8953 0.33146666666666663 0.032125 0.07537777777777778
0 0.370375 0.42364444444444443 0.11227499999999999 0.24644444444444447
0 0.596575 0.4992 0.069725 0.16195555555555555
0 0.67035 0.6369777777777778 0.107775 0.23355555555555554
0 0.761575 0.6247555555555555 0.08282500000000001 0.218
0 0.9459000000000001 0.8224444444444445 0.10335000000000001 0.35511111111111116
2 0.525975 0.5547555555555556 0.076 0.17528888888888888
2 0.580975 0.37035555555555555 0.060975 0.09093333333333334