0 0.3039 0.3311610486891386 0.106725 0.13715355805243445
0 0.42817500000000003 0.3758801498127341 0.08862500000000001 0.12258426966292134
0 0.33515 0.48614232209737834 0.11365 0.15168539325842698
0 0.48857500000000004 0.5069662921348315 0.10945 0.21408239700374532
0 0.6239750000000001 0.3561048689138577 0.10244999999999999 0.20786516853932585
0 0.10462500000000001 0.5298501872659176 0.16372499999999998 0.2806367041198502
0 0.21155000000000002 0.7815730337078652 0.1887 0.32632958801498124
0 0.239325 0.440374531835206 0.080375 0.16831460674157303
0 0.77605 0.5589513108614232 0.10099999999999999 0.2307116104868914
0 0.8704500000000001 0.8086142322097378 0.1593 0.37209737827715356
0 0.892675 0.4050187265917603 0.0843 0.16835205992509364
0 0.7684000000000001 0.3405243445692884 0.094075 0.1849812734082397
0 0.9538 0.43726591760299627 0.05375 0.11217228464419475
0 0.9558249999999999 0.6775280898876405 0.08835000000000001 0.32636704119850185
0 0.693425 0.399812734082397 0.06355000000000001 0.16625468164794008
0 0.37542499999999995 0.33325842696629215 0.060875000000000005 0.14962546816479402
0 0.95935 0.3311610486891386 0.0593 0.10385767790262172