0 0.145125 0.668974358974359 0.278775 0.427985347985348
0 0.2563 0.16194139194139195 0.08535 0.16194139194139195
0 0.34840000000000004 0.17446886446886448 0.1015 0.18315018315018314
0 0.494425 0.4318315018315018 0.11685000000000001 0.2429304029304029
0 0.7831999999999999 0.4607692307692308 0.11019999999999999 0.19663003663003664
0 0.9266 0.34798534798534797 0.11015000000000001 0.22172161172161173
0 0.8226749999999999 0.20340659340659342 0.089125 0.18315018315018314
0 0.6819 0.13688644688644688 0.08654999999999999 0.1580952380952381
0 0.055025000000000004 0.03567765567765568 0.0672 0.07131868131868131
0 0.324725 0.053992673992673997 0.06955 0.10794871794871795
2 0.43127499999999996 0.06168498168498168 0.080025 0.11952380952380953
2 0.545725 0.24388278388278387 0.09052500000000001 0.16772893772893774
2 0.5964 0.186996336996337 0.06342500000000001 0.1426739926739927