0 0.030875 0.2655980861244019 0.045025 0.13636363636363635
0 0.13885 0.27995215311004784 0.04905 0.11148325358851675
0 0.230325 0.28665071770334927 0.0441 0.14784688995215312
0 0.33732500000000004 0.235933014354067 0.046125 0.12296650717703349
0 0.44329999999999997 0.25889952153110046 0.052175 0.12296650717703349
0 0.568275 0.2579425837320574 0.0482 0.12870813397129185
0 0.656775 0.2962200956937799 0.053224999999999995 0.12105263157894737
0 0.7452500000000001 0.28952153110047846 0.058274999999999993 0.1076555023923445
0 0.9582250000000001 0.3067464114832536 0.056325 0.14210526315789473
0 0.838225 0.3153588516746411 0.056299999999999996 0.13636363636363635
0 0.27732500000000004 0.1928708133971292 0.0481 0.12105263157894737