0 0.23938223938223938 0.5024742268041237 0.1750965250965251 0.26262886597938145
0 0.47826254826254827 0.6796391752577319 0.16054054054054054 0.26041237113402066
0 0.7701930501930502 0.6603092783505154 0.15563706563706564 0.24324742268041236
0 0.9495366795366795 0.4981443298969072 0.09926640926640927 0.1681443298969072
0 0.6278378378378379 0.4219072164948453 0.08007722007722007 0.13164948453608247
0 0.08498069498069499 0.4885051546391752 0.09795366795366796 0.12737113402061856
0 0.34393822393822393 0.37360824742268045 0.06891891891891892 0.06510309278350516
0 0.5345559845559845 0.40798969072164953 0.06722007722007722 0.08226804123711341
0 0.7894980694980694 0.40690721649484535 0.06555984555984556 0.08010309278350515
0 0.7211196911196912 0.4605670103092783 0.09934362934362935 0.11876288659793814
0 0.048803088803088805 0.47670103092783506 0.07382239382239382 0.11231958762886597
0 0.5667181467181467 0.5872680412371134 0.08007722007722007 0.11443298969072165