0 0.26166666666666666 0.09791666666666667 0.12960000000000002 0.19589285714285712
0 0.6639999999999999 0.10089285714285715 0.09373333333333334 0.16017857142857142
0 0.2765666666666667 0.36339285714285713 0.13076666666666667 0.19624999999999998
0 0.517 0.28904761904761905 0.10926666666666666 0.18351190476190476
0 0.6491333333333333 0.34214285714285714 0.09256666666666667 0.20047619047619047
0 0.7550666666666667 0.1019642857142857 0.08776666666666666 0.18357142857142858
0 0.8973 0.17214285714285715 0.12223333333333333 0.1920238095238095
0 0.9336 0.5270833333333333 0.11866666666666667 0.24291666666666667
0 0.5937666666666667 0.7555952380952381 0.11996666666666668 0.20672619047619045
0 0.3801 0.89625 0.11646666666666666 0.2075
0 0.1266 0.7194642857142858 0.1094 0.21952380952380954
0 0.5306666666666666 0.6354761904761905 0.1295 0.22589285714285717
0 0.1849 0.6269642857142858 0.14270000000000002 0.20892857142857144
0 0.0641 0.8012500000000001 0.1106 0.24708333333333332
0 0.8306333333333333 0.036309523809523805 0.06989999999999999 0.07261904761904761
0 0.08433333333333333 0.1805952380952381 0.07966666666666666 0.18779761904761905
0 0.04303333333333333 0.13916666666666666 0.08606666666666667 0.19839285714285712