0 0.10116363636363636 0.34459016393442626 0.11454545454545455 0.1855737704918033
0 0.2822545454545455 0.49273224043715846 0.12425454545454546 0.20868852459016393
0 0.6409090909090909 0.5694535519125683 0.15069090909090907 0.2612021857923497
0 0.8660727272727272 0.5872677595628415 0.21774545454545455 0.30950819672131147
0 0.5724 0.8077049180327869 0.22345454545454546 0.3845901639344262
0 0.1773818181818182 0.45491803278688525 0.09352727272727272 0.2044808743169399
0 0.42 0.4601639344262295 0.13119999999999998 0.23601092896174863
0 0.6010545454545454 0.3287978142076503 0.15210909090909092 0.23393442622950822
0 0.8429818181818182 0.23633879781420766 0.12407272727272727 0.16251366120218577
0 0.3178909090909091 0.28262295081967215 0.09487272727272728 0.08683060109289618
0 0.49549090909090904 0.3614207650273224 0.1256 0.20661202185792352