0 0.25928125 0.09955555555555556 0.12484375 0.190375
0 0.295546875 0.34652777777777777 0.121484375 0.23988888888888887
0 0.5053359375 0.28305555555555556 0.11695312499999999 0.2002361111111111
0 0.658765625 0.090625 0.1113203125 0.18044444444444444
0 0.7541796875 0.10748611111111112 0.0655390625 0.20226388888888888
0 0.82559375 0.051541666666666666 0.0788984375 0.10309722222222223
0 0.6425859375 0.3415694444444445 0.10797656250000001 0.2101388888888889
0 0.5203984375 0.6530416666666666 0.09574218749999999 0.2140138888888889
0 0.5812109375000001 0.7631388888888889 0.12362500000000001 0.22786111111111113
0 0.3809140625 0.8791944444444444 0.1091796875 0.206
0 0.081296875 0.19874999999999998 0.0992421875 0.15462499999999998
0 0.1722421875 0.6351805555555555 0.0936328125 0.20211111111111113
0 0.04503125 0.121375 0.0892109375 0.21416666666666664
0 0.8970156250000001 0.17493055555555556 0.103421875 0.19034722222222225
0 0.9299296874999999 0.5151527777777778 0.10007031250000001 0.26761111111111113
0 0.1337421875 0.7254444444444446 0.1081484375 0.18423611111111113
0 0.04503125 0.8077777777777778 0.0892109375 0.24173611111111112
0 0.49194531250000006 0.09955555555555556 0.090171875 0.17847222222222223